0 -1 0.992157 -0.984314 0
1 0.890196 -0.756863 0.466667 2
2 0.843137 0.921569 0.301961 2
3 -0.529412 0.105882 -0.905882 2
4 -0.976471 0.992157 -0.968627 0
5 -0.780392 0.709804 0.435294 2
6 0.741176 -0.835294 -0.858824 2
7 0.568627 0.309804 0.466667 2
8 0.301961 0.592157 -0.976471 2
9 -0.976471 0.992157 -0.984314 0
10 -0.756863 -0.976471 0.662745 2
11 0.976471 0.270588 0.921569 2
12 -0.537255 0.74902 -0.898039 2
13 -0.921569 -0.482353 0.717647 2
14 -1 0.960784 -0.968627 0
15 -0.984314 0.952941 -0.968627 0
16 -0.976471 0.952941 -0.976471 0
17 -0.984314 0.992157 -0.976471 0
18 0.72549 0.0117648 -0.380392 2
19 -0.968627 0.976471 -0.984314 0
20 -0.984314 0.960784 -0.968627 0
21 -0.976471 0.952941 -0.992157 0
22 -0.733333 -0.0745098 -0.733333 2
23 0.231373 -0.34902 0.0901961 2
24 0.709804 0.6 0.584314 2
25 -0.984314 0.356863 -0.105882 2
26 -0.427451 0.364706 0.00392163 2
27 -0.976471 0.968627 -0.976471 0
28 0.00392163 0.85098 0.835294 2
29 0.6 -0.176471 0.498039 2
30 0.678431 -0.756863 -0.843137 2
31 -0.968627 0.960784 -0.968627 0
32 -0.968627 1 -0.960784 0
33 -0.427451 0.623529 1 2
34 0.121569 0.529412 0.607843 2
35 -0.764706 0.733333 0.223529 2
36 -0.968627 0.976471 -0.968627 0
37 0.882353 0.176471 -0.380392 2
38 -0.960784 0.960784 -0.960784 0
39 -0.960784 0.968627 -0.976471 0
40 0.576471 -0.2 -0.764706 2
41 -0.0901961 -0.027451 -0.905882 2
42 -0.976471 1 -0.976471 0
43 -0.968627 0.952941 -1 0
44 0.623529 0.317647 -0.733333 2
45 -0.984314 0.984314 -0.960784 0
46 -0.992157 0.960784 -0.992157 0
47 -0.0823529 -0.529412 0.701961 2
48 -0.670588 -0.537255 0.505882 2
49 -0.662745 -0.215686 0.0117648 2
50 -0.466667 -0.623529 -0.254902 2
51 -0.968627 1 -0.960784 0
52 0.490196 0.529412 -0.960784 2
53 -0.945098 -0.819608 -0.6 2
54 -0.960784 0.952941 -1 0
55 -1 0.952941 -0.984314 0
56 -0.960784 0.976471 -0.984314 0
57 -0.835294 0.741176 -0.45098 2
58 -0.968627 0.984314 -0.960784 0
59 -0.960784 1 -0.960784 0
60 -0.184314 0.223529 0.937255 2
61 -1 0.976471 -0.976471 0
62 -0.984314 0.952941 -0.984314 0
63 -0.866667 -0.0666667 0.364706 2
64 -1 1 -1 0
65 -0.976471 0.984314 -0.960784 0
66 -0.529412 0.113726 -0.458824 2
67 0.694118 -0.215686 0.615686 2
68 0.921569 -0.129412 -0.247059 2
69 -0.521569 -0.960784 -0.694118 2
70 -0.992157 0.984314 -0.992157 0
71 -0.968627 0.960784 -0.976471 0
72 -0.984314 0.984314 -1 0
73 -0.709804 0.772549 -0.239216 2
74 -1 0.992157 -0.992157 0
75 -0.992157 0.952941 -0.984314 0
76 0.0980393 0.709804 0.32549 2
77 0.0588236 -0.772549 0.0980393 2
78 0.890196 -0.615686 -0.772549 2
79 -0.992157 0.984314 -0.960784 0
80 0.505882 -0.717647 0.827451 2
81 -0.968627 0.968627 -1 0
82 -0.992157 0.992157 -0.992157 0
83 -0.960784 0.960784 -0.992157 0
84 -0.333333 0.270588 -0.560784 2
85 -0.960784 0.960784 -1 0
86 -0.2 0.145098 -0.388235 2
87 -0.623529 0.537255 0.992157 2
88 -0.113725 -0.72549 0.772549 2
89 0.772549 -0.654902 0.215686 2
90 -0.976471 0.992157 -0.984314 0
91 -0.984314 1 -0.976471 0
92 -0.976471 0.960784 -0.984314 0
93 -0.984314 1 -0.960784 0
94 -0.960784 0.976471 -0.992157 0
95 -0.513726 -0.498039 0.756863 2
96 -0.984314 0.992157 -0.960784 0
97 0.301961 0.858824 0.0745099 2
98 -0.960784 0.952941 -0.984314 0
99 -0.152941 0.505882 0.262745 2
100 -0.984314 0.968627 -0.992157 0
101 -0.992157 0.952941 -0.976471 0
102 0.0352942 -0.819608 -0.843137 2
103 -0.207843 -0.976471 -0.686275 2
104 0.576471 0.764706 0.811765 2
105 -0.968627 0.968627 -0.984314 0
106 -0.968627 0.952941 -0.984314 0
107 0.992157 -0.843137 0.898039 2
108 -0.113725 0.654902 0.254902 2
109 -0.960784 0.992157 -0.968627 0
110 -0.984314 0.952941 -1 0
111 -0.396078 -0.403922 0.490196 2
112 -0.968627 0.984314 -0.984314 0
113 -0.976471 0.968627 -0.984314 0
114 -1 0.952941 -0.968627 0
115 -0.976471 0.960784 -1 0
116 -0.960784 0.992157 -0.960784 0
117 -0.960784 0.976471 -1 0
118 -0.976471 0.952941 -0.968627 0
119 0.247059 -0.396078 0.082353 2
120 -0.788235 0.0117648 0.443137 2
121 -0.184314 0.192157 -0.105882 2
122 -0.843137 0.858824 0.607843 2
123 -0.898039 -0.890196 -0.466667 2
124 -0.968627 0.984314 -0.968627 0
125 -0.6 0.262745 0.592157 2
126 -0.87451 -0.686275 -0.403922 2
127 -0.992157 0.992157 -0.992157 0
128 -0.960784 0.968627 -0.992157 0
129 -0.968627 0.952941 -0.960784 0
130 0.380392 -0.545098 -0.694118 2
131 0.694118 -0.160784 -0.843137 2
132 0.913725 -0.113725 -0.694118 2
133 -0.482353 0.647059 0.223529 2
134 0.945098 0.215686 0.0980393 2
135 -0.74902 -0.333333 -0.215686 2
136 -0.968627 0.952941 -0.992157 0
137 -0.984314 0.968627 -0.976471 0
138 -0.992157 0.952941 -0.976471 0
139 0.388235 0.145098 0.741176 2
140 0.00392163 0.701961 -0.937255 2
141 0.827451 0.356863 -0.490196 2
142 0.670588 -0.537255 0.788235 2
143 -0.960784 1 -1 0
144 -0.968627 0.984314 -0.968627 0
145 -0.741176 -0.74902 0.152941 2
146 0.403922 0.262745 -0.0980392 2
147 -0.498039 0.372549 0.082353 2
148 -0.0117647 -0.968627 -0.129412 2
149 0.623529 0.639216 0.262745 2
150 0.615686 -0.0117647 0.490196 2
151 -0.694118 -0.215686 0.929412 2
152 0.356863 0.513726 0.490196 2
153 0.301961 -0.560784 0.576471 2
154 -0.992157 0.984314 -1 0
155 -0.654902 0.278431 -0.992157 2
156 -0.819608 0.113726 0.552941 2
157 0.231373 0.364706 0.301961 2
158 -0.960784 0.968627 -0.992157 0
159 -0.992157 0.952941 -0.984314 0
160 -0.968627 0.968627 -0.968627 0
161 -0.960784 0.968627 -0.960784 0
162 -0.968627 1 -0.968627 0
163 -0.772549 0.882353 -0.678431 2
164 -0.105882 0.184314 -0.0901961 2
165 -0.984314 1 -0.960784 0
166 -0.976471 0.960784 -0.992157 0
167 0.921569 -0.803922 0.00392163 2
168 -0.976471 0.952941 -1 0
169 0.0901961 0.701961 -0.207843 2
170 -0.937255 -0.505882 0.929412 2
171 0.482353 0.686275 0.843137 2
172 0.443137 -0.419608 0.764706 2
173 -0.976471 0.976471 -0.968627 0
174 0.913725 -0.411765 -0.231373 2
175 -0.968627 0.960784 -0.976471 0
176 -0.960784 0.984314 -0.992157 0
177 -0.960784 0.960784 -0.992157 0
178 -0.498039 0.286275 0.552941 2
179 0.388235 -0.286274 -0.623529 2
180 -0.968627 0.960784 -0.960784 0
181 -0.976471 -0.584314 0.239216 2
182 -0.976471 0.984314 -0.968627 0
183 0.568627 0.278431 -0.47451 2
184 -0.686275 -0.639216 0.929412 2
185 0.239216 -0.85098 0.262745 2
186 -0.435294 -0.0980392 -0.152941 2
187 0.286275 -0.466667 0.741176 2
188 0.278431 0.0352942 0.192157 2
189 -0.992157 0.976471 -0.976471 0
190 0.623529 0.356863 0.560784 2
191 -0.960784 0.960784 -0.976471 0
192 -0.976471 0.952941 -1 0
193 -0.270588 0.247059 -0.254902 2
194 -0.427451 -0.309804 -0.388235 2
195 -0.984314 0.984314 -1 0
196 -0.984314 1 -1 0
197 -0.662745 0.411765 -0.843137 2
198 -0.992157 0.952941 -0.960784 0
199 0.772549 0.45098 -0.0117647 2
200 -0.772549 0.756863 0.0352942 2
201 -0.756863 -0.945098 0.490196 2
202 -0.976471 0.960784 -0.984314 0
203 -0.741176 -0.176471 -0.803922 2
204 -0.811765 -0.341176 -0.662745 2
205 -0.984314 0.984314 -0.976471 0
206 -0.984314 0.976471 -0.968627 0
207 -0.984314 0.952941 -0.976471 0
208 -0.976471 0.984314 -0.968627 0
209 0.105882 -0.490196 0.286275 2
210 -0.960784 0.952941 -1 0
211 -0.968627 0.976471 -0.968627 0
212 -0.960784 0.960784 -0.976471 0
213 -0.976471 0.968627 -0.992157 0
214 -0.294118 0.490196 -0.105882 2
215 -0.968627 0.960784 -0.976471 0
216 -1 0.960784 -0.984314 0
217 -0.388235 -0.584314 0.960784 2
218 0.380392 0.160784 -0.0901961 2
219 -0.0823529 -0.145098 0.72549 2
220 -0.984314 0.976471 -0.968627 0
221 -0.960784 0.960784 -1 0
222 -0.278431 0.121569 -0.772549 2
223 -0.976471 1 -1 0
224 -0.976471 0.952941 -1 0
225 -0.960784 0.968627 -0.992157 0
226 -0.976471 0.976471 -0.960784 0
227 -0.6 0.529412 -0.584314 2
228 -0.984314 0.968627 -0.960784 0
229 -0.976471 0.976471 -0.968627 0
230 -0.921569 0.654902 -0.294118 2
231 -0.992157 0.984314 -0.992157 0
232 0.419608 0.466667 0.545098 2
233 -1 1 -0.984314 0
234 -0.317647 -0.568627 0.0588236 2
235 -0.976471 0.952941 -0.984314 0
236 -0.968627 1 -0.968627 0
237 -1 0.960784 -0.992157 0
238 0.105882 -0.0980392 0.121569 2
239 -0.984314 0.960784 -0.984314 0
240 0.662745 0.615686 -0.866667 2
241 -0.811765 0.498039 0.364706 2
242 -0.0980392 -0.780392 -0.247059 2
243 -1 0.976471 -0.992157 0
244 -0.976471 0.952941 -0.992157 0
245 0.686275 0.317647 -0.301961 2
246 -0.960784 1 -1 0
247 -0.333333 0.458824 0.00392163 2
248 -0.976471 0.984314 -0.968627 0
249 0.443137 0.341177 0.670588 2
250 -1 0.992157 -1 0
251 -0.960784 0.976471 -0.984314 0
252 -0.968627 0.960784 -0.968627 0
253 0.380392 -0.537255 0.498039 2
254 -0.960784 0.968627 -0.992157 0
255 -0.858824 0.356863 0.0901961 2
256 -0.968627 0.960784 -0.968627 0
257 0.905882 0.811765 0.913725 2
258 -0.984314 1 -0.992157 0
259 -1 0.992157 -0.960784 0
260 -0.968627 0.984314 -0.992157 0
261 -0.984314 0.960784 -0.984314 0
262 0.270588 0.482353 -0.827451 2
263 -0.968627 0.968627 -0.984314 0
264 -0.568627 0.866667 -0.568627 2
265 -1 0.992157 -0.984314 0
266 -0.968627 0.952941 -0.960784 0
267 -0.968627 0.992157 -0.984314 0
268 -0.333333 0.152941 -0.858824 2
269 -0.976471 0.976471 -0.984314 0
270 -0.984314 0.992157 -0.976471 0
271 -1 0.960784 -1 0
272 0.74902 -0.905882 -0.254902 2
273 -0.992157 0.968627 -0.992157 0
274 -0.976471 1 -0.984314 0
275 -0.772549 0.239216 0.796078 2
276 -0.984314 1 -0.976471 0
277 -0.960784 0.984314 -1 0
278 -0.921569 0.160784 -0.168627 2
279 -1 1 -0.976471 0
280 -0.976471 0.984314 -0.960784 0
281 0.717647 -0.0980392 -0.623529 2
282 -1 0.968627 -0.984314 0
283 -0.733333 0.262745 -0.529412 2
284 -0.521569 -0.372549 0.403922 2
285 -0.960784 0.952941 -0.984314 0
286 0.631373 -0.317647 0.992157 2
287 0.662745 0.678431 -0.968627 2
288 0.858824 0.0588236 0.576471 2
289 -0.843137 -0.317647 -0.505882 2
290 -0.968627 0.968627 -0.968627 0
291 0.356863 0.192157 0.545098 2
292 -0.968627 1 -1 0
293 -1 0.992157 -1 0
294 -0.976471 0.992157 -0.992157 0
295 -0.490196 0.32549 0.482353 2
296 0.262745 0.694118 0.709804 2
297 -0.615686 -0.498039 0.615686 2
298 0.584314 -0.929412 -0.278431 2
299 -0.207843 -0.301961 -0.176471 2
300 -0.207843 -0.301961 -0.176471 1
