start 0 0
finish 0 7
8 5 9 5 16 1
7 5 8 5 16 2
6 5 7 5 16 3
5 5 6 5 16 4
4 5 5 5 64 1
3 5 4 5 64 2
2 5 3 5 64 3
1 5 2 5 64 4
0 1 0 2 4 1
9 4 9 5 8 2
9 3 9 4 4 1
3 3 4 3 8 2
1 3 2 3 4 1
0 0 1 0 0 1
0 1 1 1 0 1
0 2 1 2 0 1
1 2 1 3 0 1
2 2 2 3 0 1
3 2 3 3 0 1
4 2 4 3 0 1
5 2 5 3 0 1
6 2 6 3 0 1
7 2 7 3 0 1
8 2 8 3 0 1
9 2 9 3 0 1
8 3 8 4 0 1
7 3 7 4 0 1
6 3 6 4 0 1
5 3 5 4 0 1
4 3 4 4 0 1
3 3 3 4 0 1
2 3 2 4 0 1
1 3 1 4 0 1
0 3 0 4 0 1
8 4 9 4 0 1
9 5 9 6 0 1
8 5 8 6 0 1
7 5 7 6 0 1
6 5 6 6 0 1
5 5 5 6 0 1
4 5 4 6 0 1
3 5 3 6 0 1
2 5 2 6 0 1
1 5 1 6 0 1
1 4 1 5 0 1
2 4 2 5 0 1
3 4 3 5 0 1
4 4 4 5 0 1
5 4 5 5 0 1
6 4 6 5 0 1
7 4 7 5 0 1
8 4 8 5 0 1
0 4 0 5 0 1
0 5 0 6 4 1
0 6 1 6 16 2
1 6 2 6 16 3
2 6 3 6 16 4
3 6 4 6 64 1
4 6 5 6 64 2
5 6 6 6 64 3
6 6 7 6 64 4
7 6 8 6 64 5
8 6 9 6 64 6
0 7 0 6 0 1
1 7 1 6 0 1
2 7 2 6 0 1
3 7 3 6 0 1
4 7 4 6 0 1
5 7 5 6 0 1
6 7 6 6 0 1
7 7 7 6 0 1
8 7 8 6 0 1
