-0.255962 
-0.997497 
0.127171 
-0.613392 
0.617481 
0.170019 
-0.997497 
0.127171 
-0.613392 
0.617481 
0.170019 
-0.0402539 
-0.299417 
0.791925 
0.64568 
0.49321 
-0.997497 
0.127171 
-0.613392 
0.617481 
0.170019 
-0.0402539 
-0.299417 
0.791925 
0.64568 
0.49321 
-0.651784 
0.717887 
-0.997497 
0.127171 
-0.613392 
0.617481 
0.170019 
-0.0402539 
-0.299417 
0.791925 
0.64568 
0.49321 
-0.651784 
0.717887 
-0.997497 
0.127171 
-0.613392 
0.617481 
0.170019 
-0.0402539 
-0.299417 
0.791925 
0.64568 
0.49321 
-0.651784 
0.717887 
0.421003 
0.0270699 
-0.39201 
-0.970031 
-0.817194 
-0.271096 
-0.705374 
-0.668203 
0.97705 
-0.108615 
-0.761834 
-0.990661 
-0.982177 
-0.24424 
0.0633259 
0.142369 
0.203528 
0.214331 
-0.667531 
0.32609 
-0.0984222 
-0.295755 
-0.885922 
0.215369 
0.566637 
0.605213 
0.0397656 
-0.3961 
0.751946 
0.453352 
0.911802 
0.851436 
0.0787072 
-0.715323 
-0.997497 
0.127171 
